366.688764,0.000000
348.459141,0.125664
375.993548,0.251327
347.414917,0.376991
426.568747,0.502655
464.654072,0.628319
430.690747,0.753982
510.644156,0.879646
562.970915,1.005310
618.827450,1.130973
626.419545,1.256637
808.370441,1.382301
863.703627,1.507964
982.519909,1.633628
1016.448675,1.759292
1323.161210,1.884956
1284.625585,2.010619
1607.055438,2.136283
1665.329759,2.261947
1746.636839,2.387610
2061.748033,2.513274
2106.941556,2.638938
2112.857128,2.764602
1817.812615,2.890265
1858.790422,3.015929
1400.507659,3.141593
1257.246346,3.267256
1286.394900,3.392920
1114.069426,3.518584
844.505198,3.644247
815.569368,3.769911
752.258776,3.895575
592.338636,4.021239
584.493976,4.146902
513.795216,4.272566
498.123768,4.398230
474.923132,4.523893
397.070495,4.649557
394.660805,4.775221
410.743725,4.900885
327.924248,5.026548
367.069846,5.152212
313.522161,5.277876
337.163913,5.403539
300.824505,5.529203
297.115764,5.654867
309.917027,5.780530
307.340027,5.906194
356.413429,6.031858
324.208129,6.157522
